800 801 170
801 802 110
802 803 170
803 804 110
804 805 180
805 806 290
806 807 210
807 808 170
808 809 150
809 810 200
810 811 225
811 812 120
812 813 180
813 814 200
814 815 400
806 816 300
816 817 240
817 818 180
818 819 120
819 821 180
821 822 180
822 823 300
823 824 120
824 825 180
825 826 180
826 827 180
827 828 180
828 829 420
830 831 200
831 832 140
832 833 140
833 834 140
834 835 170
835 836 140
836 837 290
837 838 110
838 839 200
839 840 140
840 841 230
841 842 200
842 843 140
843 844 380
811 340 360
815 163 450
815 12 480
830 49 420
225 832 510
370 833 360
226 834 300
269 835 300
552 815 660
343 815 660
380 556 150