16 47 240
100 127 180
117 153 240
14 253 180
14 162 180
19 171 300
46 204 180
46 221 240
47 118 240
48 169 180
48 243 180
49 167 240
147 275 180
111 289 120
112 173 180
119 164 240
137 379 360
141 173 360
159 161 180
162 253 180
204 221 240
208 165 180
208 242 240
169 243 120
172 170 180
241 257 180
242 165 180
255 164 300
211 177 180
218 252 180
222 17 360
209 312 360
119 255 240
195 247 60
95 271 180
101 363 360
176 313 420
229 266 120
402 209 180
200 405 180
405 382 840
296 426 240
93 331 300
246 310 240
17 153 260
17 117 310
117 222 305
203 174 285
44 176 255
187 277 165
198 311 300
192 390 360
21 377 420
224 168 250
194 333 300
112 141 360
166 207 90
12 163 285
217 398 300
210 259 300
15 206 240
240 393 300
235 279 180
88 366 600
239 353 600
44 313 480
199 383 960
140 407 180
403 43 300
197 334 300
257 346 720
241 346 720
200 382 720
359 350 300
335 385 300
24 427 180
201 314 300
205 339 360
212 361 1080
178 375 300
12 343 420
155 338 420
158 341 420
40 335 570
357 394 300
40 386 960
213 352 300
226 370 960
182 429 230
199 384 690
261 364 840
263 364 1175
123 349 570
136 316 360
119 344 420
380 556 60
139 556 720
315 381 720
127 318 660
402 312 360
121 408 210
8 347 300
1 345 750
102 317 120
100 423 240
265 445 540
389 310 240
246 389 240
394 493 120
493 357 300
250 501 720
499 341 600
499 158 180
498 10 180
495 445 300
495 265 180
494 352 300
500 501 600
423 318 540
500 250 180
514 247 420
519 355 180
524 398 240
515 249 420
524 217 600
522 215 480
514 195 420
510 2 300
513 388 240
523 216 120
546 237 720
545 236 840
428 634 180
554 312 300
564 575 180
554 402 360
554 209 360
561 425 120
559 291 180
558 111 720
39 641 120
163 343 420
578 304 240
127 423 240
558 289 720
557 379 120
557 137 360
555 44 480
555 176 420
555 313 60
100 318 660
552 343 120
553 500 600
553 250 720
552 163 420
552 12 420
551 344 120
551 164 300
551 119 300
550 346 720
550 257 360
550 241 300
549 493 180
549 394 180
549 357 180
548 520 300
516 408 360
516 121 360
139 380 240
628 498 600
518 393 600
518 240 600
628 10 600
553 501 120
494 213 420
666 368 300
665 372 180
664 179 180
2 6 133
6 7 118
1 8 138
8 9 233
9 10 190
10 11 108
11 12 100
12 13 113
13 14 90
14 15 113
15 16 105
16 17 105
17 18 100
18 19 123
19 20 135
20 21 98
21 22 213
22 23 300
23 24 170
24 26 150
26 33 180
33 34 195
34 35 200
35 36 205
36 37 175
37 38 183
38 39 93
90 91 180
91 93 180
93 94 120
94 96 210
96 97 513
97 99 178
99 100 203
100 102 131
102 111 270
111 112 268
112 115 115
115 117 143
117 118 123
118 119 185
119 120 183
120 121 153
121 122 110
122 123 163
123 124 195
124 125 183
125 126 130
149 150 153
150 154 158
154 155 135
155 156 208
156 157 135
157 158 140
158 159 133
159 160 113
160 162 100
162 166 123
166 169 168
169 172 155
175 178 183
178 179 188
179 180 125
180 181 105
181 182 143
182 183 173
183 184 130
184 185 135
185 186 175
186 187 133
127 128 95
128 129 130
129 133 118
133 136 155
136 137 158
137 138 133
138 141 143
139 140 98
141 151 153
151 152 130
152 153 85
171 173 163
173 174 158
174 176 145
176 177 140
177 161 160
161 163 170
163 164 153
164 165 133
165 167 115
167 168 113
168 170 133
170 171 145
191 193 95
193 194 185
194 196 90
196 197 180
197 199 183
199 200 198
200 201 145
201 202 128
202 203 128
203 204 163
204 206 118
206 207 98
207 208 165
210 212 138
212 213 245
213 214 178
214 215 190
215 216 160
216 217 240
217 219 165
219 220 125
140 141 270
208 210 140
190 192 175
192 195 160
244 245 115
245 246 110
246 247 110
247 248 180
248 249 120
249 250 205
250 251 180
251 252 120
252 253 125
253 255 155
255 257 165
257 259 150
259 261 130
261 263 135
263 265 225
267 268 170
268 270 195
270 272 105
272 273 180
273 274 180
274 275 80
289 291 180
291 293 215
293 294 120
294 296 100
296 298 210
298 300 165
300 303 150
303 305 125
305 306 100
306 308 115
172 175 125
243 242 140
242 241 170
241 240 180
240 239 155
239 238 228
238 237 148
237 236 240
277 278 180
278 279 180
279 280 300
280 281 100
281 282 120
282 283 130
345 347 180
347 349 150
349 351 150
351 353 150
353 355 300
355 357 150
357 359 120
359 361 180
361 364 120
364 366 120
366 368 150
368 370 180
370 372 120
372 375 240
375 377 180
377 379 240
379 380 120
380 381 120
381 382 180
382 383 150
383 384 90
384 385 150
385 386 180
386 387 180
387 388 240
388 389 180
389 390 150
390 338 210
338 340 180
340 342 210
342 345 180
392 393 150
394 395 145
395 396 170
396 397 230
397 398 185
398 399 180
399 400 135
400 401 165
292 295 120
295 297 180
265 267 60
290 292 300
205 209 130
209 211 120
211 218 165
218 221 110
221 222 155
222 223 150
224 225 200
225 226 240
226 227 125
227 228 110
228 229 115
230 231 190
231 232 115
232 233 150
233 234 120
234 235 165
313 314 360
320 321 180
325 326 240
326 327 180
327 328 270
328 329 240
329 330 150
330 331 180
331 332 180
332 333 240
333 334 300
334 335 150
335 336 180
336 337 180
337 339 150
341 343 300
346 348 180
348 350 150
350 352 150
354 356 150
356 358 150
358 360 135
360 362 135
362 363 270
363 365 210
365 367 210
367 369 180
369 371 240
371 373 210
373 374 150
374 376 180
376 378 300
7 25 148
25 40 193
40 41 173
41 42 133
42 43 175
43 44 175
44 45 120
45 46 105
46 47 123
47 48 160
48 49 138
49 88 213
88 89 150
89 92 120
92 95 230
98 101 150
101 116 170
116 142 148
142 147 138
147 148 240
266 269 140
269 271 180
402 403 170
403 404 130
404 405 120
407 289 240
408 392 180
405 409 235
409 410 190
344 346 300
297 299 180
299 301 120
301 302 240
302 304 120
304 307 240
307 309 120
309 310 240
310 311 360
314 315 180
315 316 180
316 317 360
317 318 180
318 319 180
319 320 120
323 324 300
322 323 180
321 322 180
343 344 240
195 198 195
198 205 95
223 224 125
229 230 140
188 189 180
189 190 195
422 423 190
424 425 180
425 426 155
426 427 160
430 266 150
429 430 195
428 429 165
427 428 140
410 422 150
423 424 150
445 354 120
352 445 180
95 98 180
393 493 285
501 341 260
499 500 125
498 499 250
408 498 180
494 493 255
496 495 170
500 402 180
497 496 165
271 497 255
339 501 380
495 494 155
312 313 360
538 539 120
537 538 150
536 537 150
535 536 150
534 535 150
533 534 180
532 533 180
531 532 150
530 531 180
529 530 150
528 529 150
527 528 180
526 527 180
525 526 270
524 525 150
523 524 180
522 523 150
521 522 210
520 521 120
519 520 180
502 503 570
503 504 240
504 505 180
505 506 150
506 507 180
507 508 330
508 509 150
509 510 150
510 511 180
511 512 180
512 513 180
513 514 210
514 515 330
628 516 300
516 517 150
517 518 180
518 519 180
580 581 225
308 580 215
578 579 210
577 578 175
244 577 140
575 576 180
568 569 300
572 573 180
571 572 180
567 568 240
562 563 180
560 561 120
558 559 180
566 567 180
565 566 240
564 565 180
563 564 180
557 558 180
556 557 60
555 556 540
559 560 180
554 555 180
553 554 180
561 562 180
551 552 240
552 553 360
550 551 240
549 550 300
573 574 180
548 549 180
547 548 180
570 571 180
569 570 120
544 545 240
543 544 180
542 543 180
545 546 180
546 547 180
540 541 300
311 312 480
541 542 180
515 628 660
39 638 180
635 636 115
634 635 210
636 637 200
640 641 160
639 640 225
637 639 200
666 665 175
665 664 200
664 663 215
663 634 165
