800 801
801 802
802 803
803 804
804 805
805 806
806 807
807 808
808 809
809 810
810 811
811 812
812 813
813 814
814 815
806 816
816 817
817 818
818 819
819 820
820 821
821 822
822 823
823 824
824 825
825 826
826 827
827 828
828 829
830 831
831 832
832 833
833 834
834 835
835 836
836 837
837 838
838 839
839 840
840 841
841 842
842 843
843 844
811 340 ростокино
815 163 ярославский
815 12 ярославский
830 49 Павелецкая
830 167 Павелецкая
225 832 Тульская
370 833 Верхние котлы
226 834 Нагатинская
269 835 Варшавская